NAME : single
TYPE : ATSP
DIMENSION : 16
EDGE_WEIGHT_TYPE : EXPLICIT
EDGE_WEIGHT_FORMAT : FULL_MATRIX
EDGE_WEIGHT_SECTION
0 917 907 50106 754 50158 50157 483 528 687 680 459 277 289 154 352 
0 0 253 139 285 50000 50000 557 616 670 726 883 50000 645 50000 616 
0 253 0 281 278 50000 50000 549 606 653 709 877 50000 627 50000 611 
0 139 281 0 50000 50000 50000 723 781 836 50000 1052 912 785 50000 784 
0 285 278 50000 0 219 217 324 384 428 520 619 528 377 50000 360 
0 50000 50000 50000 219 0 290 409 475 520 576 678 571 430 50000 412 
0 50000 50000 50000 217 290 0 414 488 534 581 686 591 435 50000 420 
0 557 549 723 324 409 414 0 63 103 280 353 358 178 338 152 
0 616 606 781 384 475 488 63 0 57 284 310 431 178 333 175 
0 670 653 836 428 520 534 103 57 0 227 339 434 215 401 233 
0 726 709 50000 520 576 581 280 284 227 0 444 541 315 470 289 
0 883 877 1052 619 678 686 353 310 339 444 0 216 421 284 344 
0 50000 50000 912 528 571 591 358 431 434 541 216 0 200 123 273 
0 645 627 785 377 430 435 178 178 215 315 421 200 0 190 73 
0 50000 50000 50000 50000 50000 50000 338 333 401 470 284 123 190 0 195 
0 616 611 784 360 412 420 152 175 233 289 344 273 73 195 0 
EOF